Multiple size <= 100
TEST 1 ARG:49 86 37 4 78 62 1 70 47 35 13 90 60 80 19 81 2 20 93 50 41 42 63 66 7 75 68 28 22 36 85 99 6 0 57 96 12 77 56 9 51 30 71 79 23 67 61 48 72 38 97 87 33 88 82 46 91 89 95 83 8 14 44 53 31 32 64 92 45 18 84 3 15 94 21 74 76 34 98 65 24 5 39 26 73 27 10 59 40 17 29 25 43 54 16 55 11 69 52 58
TEST 2 ARG:78 47 34 57 36 19 1 8 97 79 70 12 85 73 69 0 64 38 42 76 82 75 55 18 60 40 50 44 29 7 21 33 94 10 96 89 3 20 86 65 59 51 26 63 98 61 72 16 15 54 56 77 71 43 35 92 6 14 17 48 39 11 95 25 88 83 27 46 68 93 4 9 28 5 66 41 87 81 58 99 37 53 45 90 74 32 23 13 67 62 52 24 91 2 80 84 22 49 31 30
TEST 2 ARG:78 47 34 57 36 19 1 8 97 79 70 12 85 73 69 0 64 38 42 76 82 75 55 18 60 40 50 44 29 7 21 33 94 10 96 89 3 20 86 65 59 51 26 63 98 61 72 16 15 54 56 77 71 43 35 92 6 14 17 48 39 11 95 25 88 83 27 46 68 93 4 9 28 5 66 41 87 81 58 99 37 53 45 90 74 32 23 13 67 62 52 24 91 2 80 84 22 49 31 30
TEST 3 ARG:39 17 90 31 7 44 2 25 62 92 64 41 85 82 80 88 40 8 6 23 87 55 52 86 63 83 60 15 19 98 79 70 91 99 48 51 76 18 53 69 12 32 37 9 4 93 10 68 50 84 81 22 27 3 14 30 58 96 56 67 71 43 61 34 59 73 38 42 97 36 46 74 94 29 5 95 78 21 66 45 1 11 89 28 13 72 35 54 33 16 57 26 24 65 49 77 20 47 75 0
TEST 4 ARG:7 69 15 40 73 8 61 92 25 13 59 86 74 5 76 46 82 22 43 31 96 0 87 12 4 50 56 34 42 48 45 36 57 89 17 3 18 10 21 78 2 83 75 54 98 60 41 29 79 30 70 93 32 33 66 39 47 91 58 81 35 64 11 44 51 14 27 49 6 28 94 63 26 19 84 72 23 53 88 71 90 9 52 67 97 77 20 95 65 62 99 24 16 1 55 37 85 38 80 68
TEST 5 ARG:39 29 96 7 50 6 21 0 49 33 86 1 93 98 31 54 36 14 9 4 71 24 26 10 68 55 81 52 48 57 87 12 88 47 53 80 15 62 70 46 66 8 94 90 56 40 76 82 27 19 58 13 99 45 22 72 38 69 63 51 20 85 83 92 18 3 73 84 59 17 11 23 64 77 37 79 25 35 43 30 2 61 28 44 41 5 75 95 42 60 74 65 91 97 78 32 89 67 16 34
TEST 6 ARG:53 16 15 14 63 23 93 90 26 38 58 83 8 7 42 66 5 67 60 25 1 50 21 71 99 35 46 36 51 89 86 98 74 87 84 10 34 80 0 20 9 96 12 75 69 56 22 32 45 57 62 81 3 92 85 55 76 6 29 19 68 40 59 17 94 97 24 78 13 4 52 95 41 54 70 31 47 65 64 11 72 88 44 28 33 77 18 30 2 39 27 79 43 49 37 48 73 82 61 91
TEST 7 ARG:1 59 18 15 85 14 17 5 23 81 10 62 99 30 0 56 39 45 50 43 58 26 11 74 9 27 4 47 73 70 65 51 37 82 44 16 20 92 31 55 40 78 67 76 38 57 84 24 6 89 64 95 69 72 33 49 88 7 48 42 87 83 35 21 34 12 75 36 53 79 32 22 77 8 2 91 52 25 94 71 28 13 61 68 86 60 66 41 63 98 80 19 96 90 3 29 46 97 54 93
TEST 8 ARG:65 97 75 58 13 20 34 67 86 22 4 55 14 66 6 51 12 77 95 48 1 36 33 96 47 82 87 0 59 7 71 57 43 28 91 21 90 78 53 84 99 5 94 11 52 27 93 49 31 35 41 98 88 2 60 64 45 89 8 17 32 76 44 25 42 29 74 62 39 37 26 16 72 80 10 70 15 68 85 54 19 79 81 3 56 18 9 46 30 38 63 83 24 50 73 92 61 23 69 40
TEST 9 ARG:65 30 45 54 28 20 9 80 70 21 94 89 90 72 26 12 48 25 58 68 83 74 17 53 60 42 82 0 95 93 51 88 76 92 86 64 55 87 7 23 79 18 73 57 46 67 1 52 38 44 40 62 85 31 32 61 41 75 78 71 98 39 59 8 27 47 50 24 37 16 2 69 29 97 66 19 91 36 33 49 35 5 81 15 10 14 13 96 63 99 34 84 56 3 6 77 11 22 43 4
TEST 10 ARG:88 49 96 20 4 22 17 85 36 10 16 24 56 68 97 3 50 18 30 31 63 76 83 51 15 95 78 13 60 34 41 11 1 27 82 72 0 92 28 38 26 90 23 84 21 91 12 29 35 98 33 79 2 32 70 75 93 64 71 46 42 14 47 89 39 52 80 81 87 94 45 53 66 44 43 57 59 58 19 86 54 25 99 8 48 37 6 5 77 55 73 67 74 65 40 61 62 7 9 69
TEST 11 ARG:11 97 28 9 20 46 99 17 56 69 44 91 22 88 13 98 15 62 71 89 96 39 21 73 87 83 63 82 81 35 1 37 38 34 93 48 60 57 72 5 23 79 66 45 70 59 52 31 26 19 29 41 2 25 85 95 76 0 43 49 18 4 32 67 65 74 33 84 24 80 27 12 42 47 86 54 75 53 10 14 61 78 55 51 40 64 30 7 16 77 94 90 92 8 36 68 3 50 58 6
TEST 12 ARG:19 15 77 43 60 65 21 91 4 75 6 81 73 59 2 88 1 34 25 55 24 85 79 46 66 63 5 12 11 90 0 28 53 61 50 58 7 76 10 49 35 54 98 3 29 48 26 72 20 8 83 99 56 84 31 47 74 97 37 95 18 27 70 45 36 89 41 80 22 93 16 32 92 96 14 39 64 30 33 9 51 68 94 78 57 13 42 69 87 67 17 44 23 71 52 86 40 62 82 38
TEST 13 ARG:60 69 55 74 42 27 13 89 12 18 81 66 26 62 64 37 45 47 96 65 3 49 9 40 97 87 46 68 5 17 93 10 31 16 44 86 70 56 24 35 67 29 6 2 19 14 20 90 76 4 71 63 25 84 79 57 1 91 33 61 72 43 82 32 58 92 11 99 34 36 21 95 77 39 48 53 28 80 98 30 0 54 22 83 78 7 15 50 41 88 38 73 75 23 94 8 59 85 52 51
TEST 14 ARG:7 55 43 89 87 21 0 35 99 48 22 52 68 38 74 49 13 51 45 75 54 77 39 12 93 79 67 58 91 65 20 92 26 25 16 72 34 84 50 41 82 14 70 27 4 24 9 98 3 36 85 1 69 10 44 78 80 63 66 88 76 29 47 62 23 8 32 57 53 97 37 83 33 28 86 17 60 71 56 61 30 73 5 18 46 42 59 2 11 90 96 15 40 31 6 94 95 81 19 64
TEST 15 ARG:95 16 47 51 10 43 71 40 2 68 42 28 82 66 92 56 79 38 30 94 33 48 26 87 93 32 37 3 27 45 20 46 80 78 6 86 29 49 75 17 67 81 76 62 39 59 70 74 0 85 11 89 8 88 23 41 9 77 61 34 13 4 63 98 52 84 15 57 97 55 25 12 21 24 72 65 96 1 99 50 54 22 44 53 60 91 35 5 69 31 64 83 19 58 36 18 90 7 14 73
